   95.9704   51.7195
   87.6080   50.3258
   79.2456   53.1132
   72.9739   57.2944
   66.0052   64.9599
   58.3397   74.7160
   56.9460   80.9878
   52.7648   86.5627
   47.8868   94.2282
   43.7056  103.9843
   42.3118  115.8310
   40.2213  122.1028
   43.0087  129.7683
   42.3118  139.5244
   43.7056  152.0679
   44.4024  160.4303
   50.6742  166.7021
   63.9146  177.1551
   70.1864  179.9425
   79.9425  179.9425
   89.0017  182.7300
   97.3641  182.7300
  105.7265  183.4268
  113.3920  182.7300
  121.0575  181.3362
  128.7230  177.1551
  134.9948  175.7613
  140.5697  169.4895
  145.4477  165.3084
  148.9321  157.6429
  148.9321  143.7056
  149.6289  136.7369
  145.4477  127.6777
  141.9634  122.7997
  139.8728  110.2561
  139.8728  101.1969
  137.0854   88.6533
  134.2979   81.6847
  133.6010   74.7160
  127.3293   69.8380
  124.5418   62.1725
  121.0575   56.5976
  112.6951   55.2038
  108.5139   52.4164
  102.2422   52.4164
   97.3641   51.7195